a<-c(1,3,5,7)  
b<-c(2,4,6,8)  
a+b  
a-b  
a/b  
a%%b  