a <- 5
A <- 19

a
A